1147007.000000,28769.000000,30909.000000,15436.000000,34596.000000,224121.000000,78053.000000,22253.000000,39666.000000,193850.000000,62627.000000,267185.000000,59590.000000,112794.000000,49660.000000,45493.000000,196911.000000,233447.000000,282644.000000,25023.000000,143327.000000,127457.000000,57096.000000,67737.000000,240166.000000,209967.000000,130293.000000,187154.000000,158950.000000,82719.000000,30152.000000,77777.000000,104345.000000,206963.000000,250984.000000,237237.000000,60147.000000,148555.000000,103316.000000,62422.000000,87019.000000,93184.000000,148701.000000,26912.000000,64038.000000,86248.000000,139204.000000,94354.000000,87104.000000,64279.000000,138860.000000,66304.000000,84050.000000,138064.000000,115702.000000,185731.000000,65544.000000,112368.000000,39867.000000,59551.000000,56494.000000,119802.000000,33265.000000,110461.000000,114626.000000,239712.000000,173928.000000,90468.000000,20517.000000,208089.000000,170095.000000,195968.000000,59096.000000,33422.000000,353434.000000,32275.000000,64726.000000,167816.000000,19626.000000,170921.000000,38563.000000,84822.000000,235507.000000,231778.000000,72156.000000,92299.000000,251276.000000,230558.000000,151679.000000,69204.000000,141287.000000,97149.000000,218942.000000,217698.000000,48867.000000,158972.000000,39577.000000,171124.000000,106764.000000,49672.000000,11683.000000,19867.000000,62827.000000,469716.000000,84335.000000,144388.000000,44168.000000,76988.000000,57804.000000,245382.000000,263352.000000,33163.000000,23842.000000,126932.000000,24830.000000,149010.000000,7505.000000
28769.000000,136294.000000,9304.000000,16463.000000,20476.000000,25899.000000,28346.000000,10324.000000,31278.000000,24658.000000,27593.000000,37973.000000,24359.000000,25484.000000,28576.000000,28132.000000,32414.000000,31839.000000,28094.000000,16189.000000,31403.000000,33729.000000,34400.000000,22185.000000,23837.000000,29396.000000,27472.000000,29913.000000,25655.000000,26398.000000,29409.000000,24796.000000,28336.000000,21918.000000,32090.000000,33071.000000,27068.000000,26057.000000,28953.000000,28631.000000,27688.000000,33209.000000,24833.000000,22170.000000,30039.000000,22888.000000,30527.000000,32047.000000,31279.000000,24981.000000,31542.000000,33672.000000,28619.000000,35926.000000,29915.000000,38171.000000,28846.000000,25300.000000,31057.000000,26362.000000,18413.000000,29558.000000,32050.000000,32790.000000,23613.000000,30763.000000,28601.000000,31995.000000,17436.000000,29485.000000,33693.000000,36276.000000,19394.000000,19701.000000,25839.000000,24905.000000,25415.000000,27856.000000,20413.000000,33811.000000,20393.000000,29417.000000,29541.000000,29183.000000,24662.000000,20301.000000,32250.000000,30127.000000,26338.000000,29681.000000,31962.000000,26556.000000,29649.000000,26635.000000,22703.000000,29251.000000,18837.000000,26307.000000,19726.000000,19013.000000,10065.000000,15373.000000,20948.000000,14281.000000,23618.000000,28887.000000,25709.000000,31732.000000,26890.000000,33511.000000,24819.000000,11263.000000,21689.000000,28986.000000,22919.000000,21947.000000,10200.000000
30909.000000,9304.000000,127336.000000,11774.000000,19197.000000,29097.000000,20990.000000,28484.000000,36252.000000,26391.000000,27010.000000,21496.000000,16516.000000,28829.000000,24171.000000,6960.000000,22513.000000,23386.000000,32379.000000,10711.000000,21910.000000,27669.000000,13047.000000,50425.000000,26646.000000,21443.000000,21751.000000,26436.000000,23335.000000,31067.000000,19769.000000,25042.000000,23262.000000,27106.000000,33246.000000,35832.000000,26159.000000,19738.000000,26453.000000,21069.000000,27550.000000,29797.000000,25262.000000,20226.000000,11049.000000,18471.000000,28216.000000,17867.000000,30823.000000,15774.000000,22125.000000,29773.000000,29440.000000,31543.000000,38197.000000,21678.000000,29960.000000,32262.000000,21657.000000,26982.000000,21038.000000,33305.000000,16428.000000,33582.000000,22427.000000,27955.000000,25473.000000,27323.000000,13131.000000,21265.000000,28151.000000,25697.000000,44626.000000,9004.000000,40481.000000,17831.000000,24991.000000,27154.000000,12674.000000,26659.000000,22819.000000,22661.000000,23625.000000,10636.000000,24285.000000,28010.000000,25576.000000,24925.000000,20522.000000,21637.000000,33387.000000,23854.000000,27872.000000,26212.000000,21318.000000,27074.000000,33872.000000,29121.000000,48618.000000,15273.000000,7900.000000,8219.000000,23976.000000,27713.000000,31812.000000,30493.000000,21107.000000,23629.000000,15897.000000,31934.000000,25859.000000,57125.000000,8613.000000,21117.000000,16894.000000,23684.000000,9888.000000
15436.000000,16463.000000,11774.000000,85520.000000,20522.000000,15078.000000,20062.000000,15211.000000,13770.000000,21186.000000,19379.000000,18379.000000,15321.000000,17336.000000,15852.000000,21137.000000,17919.000000,16320.000000,16307.000000,17062.000000,16054.000000,19171.000000,14390.000000,19000.000000,18720.000000,20825.000000,19925.000000,17656.000000,15308.000000,15349.000000,12581.000000,15687.000000,14742.000000,16981.000000,15543.000000,23052.000000,11863.000000,19008.000000,13283.000000,17280.000000,15069.000000,19616.000000,14761.000000,19880.000000,19336.000000,14353.000000,15746.000000,18644.000000,17532.000000,12630.000000,15909.000000,14477.000000,14364.000000,19198.000000,15972.000000,14863.000000,14710.000000,16337.000000,10033.000000,15877.000000,9841.000000,13384.000000,13835.000000,18170.000000,13575.000000,19711.000000,16115.000000,19638.000000,14497.000000,15443.000000,16787.000000,15758.000000,12958.000000,10734.000000,16799.000000,15049.000000,15267.000000,17237.000000,19860.000000,20609.000000,14246.000000,17534.000000,20676.000000,13538.000000,14704.000000,12253.000000,20411.000000,20695.000000,14818.000000,14993.000000,16663.000000,13792.000000,19599.000000,18807.000000,16993.000000,15363.000000,13344.000000,16976.000000,20395.000000,11658.000000,8620.000000,12338.000000,15744.000000,10481.000000,14311.000000,22885.000000,13788.000000,16532.000000,16156.000000,18043.000000,14577.000000,16706.000000,15169.000000,22051.000000,15234.000000,12230.000000,8416.000000
34596.000000,20476.000000,19197.000000,20522.000000,202897.000000,32690.000000,34776.000000,14453.000000,21430.000000,37602.000000,31013.000000,37892.000000,34707.000000,36490.000000,39206.000000,32844.000000,40536.000000,35167.000000,50090.000000,18100.000000,40758.000000,38871.000000,32178.000000,29512.000000,36679.000000,34873.000000,39967.000000,45670.000000,38034.000000,26718.000000,32007.000000,32702.000000,29011.000000,34839.000000,37279.000000,44257.000000,34096.000000,33981.000000,31914.000000,42209.000000,30967.000000,36696.000000,33261.000000,19607.000000,35118.000000,29518.000000,34818.000000,50935.000000,35895.000000,24266.000000,35471.000000,39874.000000,45880.000000,40691.000000,34021.000000,48237.000000,45368.000000,38049.000000,35987.000000,41884.000000,22109.000000,34328.000000,33329.000000,29845.000000,33490.000000,47412.000000,42458.000000,36444.000000,16289.000000,45254.000000,36012.000000,32654.000000,21962.000000,25357.000000,37153.000000,33047.000000,30586.000000,45853.000000,23493.000000,35551.000000,30420.000000,40204.000000,44183.000000,42719.000000,37583.000000,21352.000000,39113.000000,52655.000000,43129.000000,39897.000000,42726.000000,37082.000000,36042.000000,43421.000000,27800.000000,39010.000000,30333.000000,42459.000000,33013.000000,27083.000000,11430.000000,19417.000000,30346.000000,24644.000000,22433.000000,41950.000000,24247.000000,37127.000000,41008.000000,42822.000000,30858.000000,23402.000000,29901.000000,46677.000000,33107.000000,35469.000000,14704.000000
224121.000000,25899.000000,29097.000000,15078.000000,32690.000000,2253341.000000,77448.000000,14314.000000,30919.000000,1030331.000000,65158.000000,458258.000000,65118.000000,167583.000000,58907.000000,66311.000000,412252.000000,347180.000000,455740.000000,21749.000000,425221.000000,255576.000000,72959.000000,56155.000000,200699.000000,427607.000000,174946.000000,268442.000000,251637.000000,72507.000000,44127.000000,88152.000000,116350.000000,260086.000000,443713.000000,563786.000000,64492.000000,241799.000000,99894.000000,90377.000000,169255.000000,107599.000000,193786.000000,26807.000000,78694.000000,117432.000000,173067.000000,196943.000000,105560.000000,76460.000000,274636.000000,86052.000000,111790.000000,245426.000000,152174.000000,430130.000000,70569.000000,178037.000000,55822.000000,78557.000000,31336.000000,183031.000000,42915.000000,166892.000000,261430.000000,420471.000000,362905.000000,104536.000000,23408.000000,309877.000000,224258.000000,417673.000000,32640.000000,38240.000000,468924.000000,34808.000000,58196.000000,203437.000000,28630.000000,424891.000000,46730.000000,148370.000000,428025.000000,298788.000000,109344.000000,77155.000000,468449.000000,343350.000000,322051.000000,75569.000000,185361.000000,107038.000000,370773.000000,405300.000000,37430.000000,280035.000000,44269.000000,237402.000000,140497.000000,50540.000000,11087.000000,26215.000000,85924.000000,157385.000000,106203.000000,255102.000000,38130.000000,76669.000000,123848.000000,495523.000000,277056.000000,40923.000000,32394.000000,174782.000000,38169.000000,163667.000000,12781.000000
78053.000000,28346.000000,20990.000000,20062.000000,34776.000000,77448.000000,342572.000000,17250.000000,25635.000000,58688.000000,53844.000000,74132.000000,61643.000000,58512.000000,55389.000000,52454.000000,74996.000000,61204.000000,82882.000000,21206.000000,73454.000000,70834.000000,49255.000000,43885.000000,76723.000000,73279.000000,83937.000000,79334.000000,59933.000000,30842.000000,40259.000000,56559.000000,67404.000000,65958.000000,69293.000000,74090.000000,37052.000000,69134.000000,59817.000000,68404.000000,67653.000000,59824.000000,73584.000000,25950.000000,65007.000000,63594.000000,68756.000000,63520.000000,63989.000000,47060.000000,61551.000000,71291.000000,59907.000000,77647.000000,62648.000000,77597.000000,57963.000000,61703.000000,39484.000000,53088.000000,28111.000000,69734.000000,32221.000000,53171.000000,63434.000000,72989.000000,69009.000000,63892.000000,18792.000000,78919.000000,68629.000000,74809.000000,31307.000000,31011.000000,75543.000000,29891.000000,52030.000000,71265.000000,23825.000000,78528.000000,44482.000000,84440.000000,101776.000000,75846.000000,68180.000000,28768.000000,78505.000000,88451.000000,59528.000000,70174.000000,75926.000000,66117.000000,77321.000000,84659.000000,32569.000000,88425.000000,46351.000000,85203.000000,42010.000000,55103.000000,13756.000000,21067.000000,51196.000000,51725.000000,56615.000000,76388.000000,46466.000000,60194.000000,59198.000000,74930.000000,69351.000000,26827.000000,39771.000000,87337.000000,32722.000000,67641.000000,12219.000000
22253.000000,10324.000000,28484.000000,15211.000000,14453.000000,14314.000000,17250.000000,74386.000000,32857.000000,12432.000000,16189.000000,15806.000000,12648.000000,17656.000000,14056.000000,9385.000000,16544.000000,14701.000000,19616.000000,16945.000000,14624.000000,14152.000000,10825.000000,36358.000000,26965.000000,12718.000000,15675.000000,17240.000000,18873.000000,18723.000000,17047.000000,19183.000000,18453.000000,12694.000000,16649.000000,20834.000000,19258.000000,13220.000000,8322.000000,15229.000000,16842.000000,21861.000000,13634.000000,12964.000000,12357.000000,11162.000000,20298.000000,13601.000000,21838.000000,10342.000000,13534.000000,15654.000000,12698.000000,19507.000000,20357.000000,13019.000000,13715.000000,16968.000000,12230.000000,24448.000000,14235.000000,14256.000000,15312.000000,19982.000000,9485.000000,15833.000000,14332.000000,15323.000000,10562.000000,10419.000000,17509.000000,17785.000000,40914.000000,11205.000000,18718.000000,13178.000000,12205.000000,20570.000000,14045.000000,16624.000000,16446.000000,13068.000000,17598.000000,12094.000000,14607.000000,20824.000000,12835.000000,19051.000000,13455.000000,17484.000000,12738.000000,14852.000000,17137.000000,14173.000000,15210.000000,13552.000000,26946.000000,21042.000000,33769.000000,7314.000000,10237.000000,5208.000000,13682.000000,15307.000000,16867.000000,12544.000000,18123.000000,15897.000000,10828.000000,20687.000000,15238.000000,52263.000000,6329.000000,15535.000000,11769.000000,15186.000000,7852.000000
39666.000000,31278.000000,36252.000000,13770.000000,21430.000000,30919.000000,25635.000000,32857.000000,134156.000000,39297.000000,22006.000000,33957.000000,24330.000000,27265.000000,29377.000000,24601.000000,27007.000000,28796.000000,28188.000000,25788.000000,29193.000000,30759.000000,18269.000000,55045.000000,33563.000000,25668.000000,26010.000000,33165.000000,27757.000000,38367.000000,29545.000000,32265.000000,28711.000000,23344.000000,29412.000000,38474.000000,24248.000000,25058.000000,26488.000000,25468.000000,35408.000000,35170.000000,30566.000000,26321.000000,33970.000000,17365.000000,30366.000000,31634.000000,36599.000000,18931.000000,30595.000000,28263.000000,31948.000000,30882.000000,35826.000000,27264.000000,27736.000000,29392.000000,26668.000000,36403.000000,19085.000000,27870.000000,19647.000000,39149.000000,19416.000000,36846.000000,30113.000000,31977.000000,22526.000000,34509.000000,33152.000000,34938.000000,106292.000000,21390.000000,49086.000000,22138.000000,18407.000000,33058.000000,19808.000000,31537.000000,24143.000000,32648.000000,29309.000000,26126.000000,21321.000000,38989.000000,28249.000000,28573.000000,29106.000000,27189.000000,28801.000000,26390.000000,31991.000000,30296.000000,27805.000000,37118.000000,28506.000000,36260.000000,62853.000000,10922.000000,8421.000000,19328.000000,25219.000000,38084.000000,31469.000000,33440.000000,23379.000000,26077.000000,27607.000000,33729.000000,27815.000000,45093.000000,22422.000000,26161.000000,24824.000000,24732.000000,10399.000000
193850.000000,24658.000000,26391.000000,21186.000000,37602.000000,1030331.000000,58688.000000,12432.000000,39297.000000,1727642.000000,58100.000000,359378.000000,50410.000000,133859.000000,54057.000000,61355.000000,339524.000000,270646.000000,360311.000000,22872.000000,297573.000000,231218.000000,62828.000000,55988.000000,139219.000000,329225.000000,155836.000000,243639.000000,229370.000000,65759.000000,41354.000000,63744.000000,114211.000000,212689.000000,291769.000000,411583.000000,65517.000000,199269.000000,90659.000000,82024.000000,145986.000000,109510.000000,176225.000000,23786.000000,79256.000000,114221.000000,192033.000000,198322.000000,97596.000000,71756.000000,247644.000000,81539.000000,108479.000000,210773.000000,125679.000000,326068.000000,89567.000000,193619.000000,48463.000000,80939.000000,28587.000000,176248.000000,39047.000000,154915.000000,208318.000000,313676.000000,279585.000000,95952.000000,18499.000000,233032.000000,187140.000000,304570.000000,30800.000000,29399.000000,334214.000000,28062.000000,56493.000000,199362.000000,23615.000000,326757.000000,41678.000000,121300.000000,302028.000000,246848.000000,115488.000000,85005.000000,304412.000000,284643.000000,305536.000000,89923.000000,202742.000000,125432.000000,227598.000000,307684.000000,35238.000000,191402.000000,51698.000000,194503.000000,132807.000000,46634.000000,13677.000000,19578.000000,78430.000000,130169.000000,101378.000000,244835.000000,45480.000000,86388.000000,100196.000000,334871.000000,190631.000000,30953.000000,32557.000000,142779.000000,36606.000000,144359.000000,12267.000000
62627.000000,27593.000000,27010.000000,19379.000000,31013.000000,65158.000000,53844.000000,16189.000000,22006.000000,58100.000000,303439.000000,67337.000000,48400.000000,64427.000000,43794.000000,45569.000000,78824.000000,52923.000000,61832.000000,16863.000000,60843.000000,61367.000000,54278.000000,40273.000000,52723.000000,58038.000000,51930.000000,63877.000000,67246.000000,22299.000000,35959.000000,32849.000000,69611.000000,61752.000000,60996.000000,61860.000000,43763.000000,53358.000000,56464.000000,59796.000000,52221.000000,60368.000000,68110.000000,24635.000000,47806.000000,53662.000000,56800.000000,59409.000000,52825.000000,46610.000000,58510.000000,60742.000000,43421.000000,70086.000000,55326.000000,72414.000000,54603.000000,48729.000000,43859.000000,39349.000000,24024.000000,57631.000000,36638.000000,65800.000000,49321.000000,61906.000000,57749.000000,58243.000000,18921.000000,72763.000000,54865.000000,65052.000000,28191.000000,24233.000000,47484.000000,32179.000000,59293.000000,65948.000000,33601.000000,74346.000000,37565.000000,61623.000000,77730.000000,53052.000000,67290.000000,21674.000000,66721.000000,66248.000000,66180.000000,53287.000000,66567.000000,48970.000000,63347.000000,62097.000000,28020.000000,52578.000000,47521.000000,59084.000000,46422.000000,35086.000000,13498.000000,16174.000000,48067.000000,43144.000000,50364.000000,60112.000000,48747.000000,54631.000000,50489.000000,73026.000000,56001.000000,23682.000000,28473.000000,63516.000000,29511.000000,39425.000000,11666.000000
267185.000000,37973.000000,21496.000000,18379.000000,37892.000000,458258.000000,74132.000000,15806.000000,33957.000000,359378.000000,67337.000000,2914412.000000,64717.000000,154868.000000,53683.000000,59873.000000,480829.000000,415093.000000,750830.000000,26466.000000,432517.000000,238518.000000,66969.000000,41066.000000,271036.000000,534537.000000,167506.000000,265610.000000,257728.000000,63498.000000,50247.000000,60512.000000,95555.000000,252186.000000,510768.000000,524541.000000,66995.000000,320670.000000,104568.000000,88751.000000,166471.000000,110287.000000,214325.000000,28480.000000,79450.000000,124719.000000,167601.000000,196886.000000,95400.000000,72337.000000,243701.000000,79327.000000,104380.000000,201232.000000,98871.000000,554975.000000,87349.000000,179233.000000,52176.000000,86829.000000,34839.000000,181635.000000,52154.000000,146737.000000,212914.000000,595664.000000,531771.000000,95433.000000,24181.000000,354486.000000,230519.000000,397408.000000,34896.000000,34529.000000,595572.000000,39376.000000,60780.000000,233552.000000,31425.000000,397949.000000,56935.000000,115084.000000,557555.000000,353501.000000,92929.000000,70799.000000,470202.000000,451861.000000,277717.000000,97256.000000,165322.000000,100576.000000,415573.000000,531206.000000,30879.000000,291289.000000,46008.000000,203031.000000,115700.000000,68594.000000,14788.000000,19040.000000,79358.000000,135822.000000,110293.000000,268496.000000,36324.000000,89212.000000,98529.000000,539000.000000,403074.000000,21633.000000,37951.000000,205278.000000,40642.000000,181145.000000,10860.000000
59590.000000,24359.000000,16516.000000,15321.000000,34707.000000,65118.000000,61643.000000,12648.000000,24330.000000,50410.000000,48400.000000,64717.000000,317252.000000,62738.000000,38205.000000,45365.000000,68055.000000,65568.000000,70843.000000,19431.000000,60541.000000,53261.000000,50023.000000,50876.000000,49829.000000,62072.000000,65495.000000,66026.000000,65026.000000,53765.000000,45902.000000,42569.000000,43885.000000,64729.000000,65980.000000,73662.000000,49216.000000,58951.000000,47144.000000,60105.000000,66869.000000,64914.000000,67550.000000,25816.000000,67190.000000,50544.000000,64434.000000,68005.000000,47691.000000,51087.000000,68151.000000,66815.000000,66581.000000,67058.000000,52039.000000,70774.000000,50616.000000,74196.000000,44639.000000,52808.000000,29616.000000,52731.000000,35421.000000,68815.000000,51801.000000,68247.000000,69497.000000,64588.000000,16809.000000,59942.000000,58756.000000,58038.000000,33308.000000,26051.000000,65565.000000,29293.000000,53043.000000,80460.000000,32584.000000,63775.000000,49634.000000,53156.000000,76395.000000,66677.000000,57270.000000,52249.000000,61405.000000,59617.000000,54167.000000,58503.000000,63563.000000,55253.000000,61385.000000,68274.000000,30036.000000,76054.000000,33842.000000,66003.000000,41237.000000,46659.000000,11350.000000,20172.000000,35071.000000,37102.000000,33187.000000,70351.000000,34248.000000,54552.000000,65626.000000,70423.000000,55118.000000,26719.000000,33307.000000,75176.000000,33851.000000,62592.000000,10769.000000
112794.000000,25484.000000,28829.000000,17336.000000,36490.000000,167583.000000,58512.000000,17656.000000,27265.000000,133859.000000,64427.000000,154868.000000,62738.000000,852006.000000,60356.000000,60697.000000,176542.000000,152691.000000,192868.000000,20832.000000,188415.000000,149743.000000,53968.000000,65770.000000,74879.000000,183208.000000,135116.000000,149585.000000,152049.000000,63516.000000,37704.000000,48261.000000,109841.000000,148755.000000,173153.000000,174132.000000,66786.000000,126827.000000,66187.000000,53195.000000,123277.000000,91915.000000,119317.000000,27459.000000,56133.000000,81479.000000,127136.000000,146100.000000,80526.000000,53454.000000,160887.000000,67337.000000,96535.000000,151859.000000,89441.000000,206180.000000,75868.000000,150937.000000,50462.000000,81056.000000,28475.000000,147846.000000,40290.000000,130487.000000,151350.000000,183406.000000,191068.000000,76838.000000,20636.000000,154599.000000,182259.000000,164361.000000,32754.000000,23707.000000,178435.000000,38194.000000,58244.000000,122044.000000,27848.000000,174403.000000,42431.000000,100594.000000,189352.000000,145788.000000,82570.000000,66461.000000,174833.000000,165528.000000,145795.000000,84326.000000,128864.000000,118195.000000,185083.000000,180326.000000,41393.000000,160967.000000,41021.000000,132975.000000,103212.000000,44526.000000,11122.000000,19481.000000,81175.000000,69223.000000,97317.000000,165596.000000,31426.000000,74163.000000,116741.000000,150117.000000,152583.000000,25751.000000,29001.000000,124787.000000,38460.000000,100822.000000,9621.000000
49660.000000,28576.000000,24171.000000,15852.000000,39206.000000,58907.000000,55389.000000,14056.000000,29377.000000,54057.000000,43794.000000,53683.000000,38205.000000,60356.000000,268834.000000,45156.000000,54845.000000,48689.000000,63803.000000,26630.000000,56540.000000,53320.000000,45761.000000,36898.000000,59427.000000,53890.000000,54004.000000,57743.000000,54262.000000,39955.000000,37070.000000,45021.000000,58236.000000,57936.000000,59708.000000,70947.000000,51263.000000,45351.000000,55182.000000,54189.000000,59041.000000,48136.000000,52085.000000,30554.000000,54519.000000,40929.000000,51806.000000,57502.000000,48043.000000,42965.000000,49849.000000,54563.000000,55862.000000,67535.000000,52746.000000,58558.000000,41013.000000,55567.000000,39981.000000,42219.000000,16791.000000,60687.000000,41084.000000,58160.000000,43652.000000,58648.000000,50615.000000,49537.000000,21409.000000,63784.000000,53315.000000,63935.000000,32705.000000,22818.000000,68128.000000,28938.000000,46095.000000,49163.000000,20892.000000,60062.000000,39880.000000,52174.000000,70093.000000,62188.000000,58041.000000,18200.000000,58301.000000,72158.000000,53966.000000,56008.000000,53905.000000,48436.000000,57142.000000,57833.000000,33042.000000,59096.000000,34357.000000,59535.000000,36851.000000,32318.000000,12138.000000,20256.000000,51409.000000,38312.000000,39864.000000,56783.000000,30862.000000,56763.000000,52083.000000,54921.000000,61515.000000,23550.000000,30465.000000,62481.000000,34871.000000,38750.000000,12493.000000
45493.000000,28132.000000,6960.000000,21137.000000,32844.000000,66311.000000,52454.000000,9385.000000,24601.000000,61355.000000,45569.000000,59873.000000,45365.000000,60697.000000,45156.000000,290996.000000,63628.000000,65595.000000,63248.000000,20536.000000,62854.000000,63638.000000,58854.000000,38370.000000,50727.000000,60273.000000,60116.000000,60680.000000,63551.000000,33033.000000,46682.000000,50746.000000,65328.000000,56066.000000,60294.000000,67885.000000,47133.000000,66584.000000,63946.000000,49307.000000,57600.000000,53780.000000,62746.000000,24410.000000,53589.000000,74292.000000,49928.000000,62047.000000,50191.000000,33425.000000,61936.000000,46590.000000,63540.000000,70184.000000,53156.000000,71579.000000,53640.000000,55939.000000,41030.000000,46798.000000,24486.000000,49001.000000,38177.000000,47725.000000,37566.000000,60313.000000,70780.000000,54754.000000,20478.000000,70972.000000,58236.000000,61631.000000,16577.000000,24751.000000,79274.000000,30038.000000,44193.000000,42737.000000,28260.000000,61803.000000,37629.000000,57559.000000,68444.000000,57086.000000,57936.000000,33317.000000,61670.000000,76881.000000,66905.000000,84701.000000,60838.000000,55127.000000,64886.000000,60396.000000,25432.000000,59124.000000,43295.000000,43947.000000,37174.000000,37068.000000,9284.000000,18917.000000,47088.000000,38353.000000,33752.000000,61199.000000,32755.000000,64268.000000,55372.000000,66531.000000,51816.000000,20862.000000,39793.000000,63465.000000,36732.000000,26693.000000,10558.000000
196911.000000,32414.000000,22513.000000,17919.000000,40536.000000,412252.000000,74996.000000,16544.000000,27007.000000,339524.000000,78824.000000,480829.000000,68055.000000,176542.000000,54845.000000,63628.000000,24012780.000000,485988.000000,4109806.000000,21073.000000,742092.000000,271953.000000,60993.000000,63035.000000,126369.000000,1129008.000000,184639.000000,329247.000000,309128.000000,56519.000000,56975.000000,63944.000000,136484.000000,279010.000000,638677.000000,647911.000000,65455.000000,301785.000000,82342.000000,98439.000000,152050.000000,120260.000000,152131.000000,28189.000000,95307.000000,110769.000000,157382.000000,263497.000000,134239.000000,61497.000000,374376.000000,98029.000000,146730.000000,247175.000000,159954.000000,2071062.000000,102635.000000,197993.000000,63346.000000,84347.000000,28659.000000,220878.000000,52830.000000,184737.000000,269482.000000,1188633.000000,3444054.000000,105411.000000,25383.000000,313704.000000,251177.000000,587857.000000,32828.000000,26830.000000,789609.000000,36395.000000,56792.000000,182860.000000,29379.000000,490411.000000,55760.000000,147050.000000,825334.000000,357531.000000,105260.000000,69937.000000,1152451.000000,560599.000000,356099.000000,108270.000000,211612.000000,138555.000000,609546.000000,724448.000000,29797.000000,254291.000000,55342.000000,154076.000000,126540.000000,53144.000000,15677.000000,21558.000000,66170.000000,68687.000000,88883.000000,387503.000000,33877.000000,88107.000000,145380.000000,726415.000000,412540.000000,33225.000000,44165.000000,182451.000000,52015.000000,113654.000000,12981.000000
233447.000000,31839.000000,23386.000000,16320.000000,35167.000000,347180.000000,61204.000000,14701.000000,28796.000000,270646.000000,52923.000000,415093.000000,65568.000000,152691.000000,48689.000000,65595.000000,485988.000000,2440535.000000,472114.000000,22857.000000,444281.000000,261067.000000,69822.000000,40565.000000,125953.000000,493582.000000,164111.000000,341984.000000,260055.000000,69788.000000,59952.000000,52250.000000,98297.000000,278401.000000,429404.000000,417209.000000,75675.000000,267689.000000,82846.000000,81341.000000,146354.000000,103948.000000,164316.000000,30640.000000,107529.000000,100697.000000,185006.000000,240802.000000,89752.000000,63191.000000,286501.000000,80470.000000,123811.000000,236675.000000,120866.000000,501525.000000,81520.000000,182608.000000,55647.000000,85869.000000,34156.000000,210291.000000,37463.000000,171578.000000,222921.000000,472703.000000,430035.000000,103751.000000,21574.000000,294146.000000,206098.000000,356810.000000,37330.000000,27452.000000,472389.000000,32260.000000,63287.000000,186581.000000,31022.000000,372060.000000,53249.000000,137690.000000,519870.000000,327286.000000,87869.000000,76112.000000,455458.000000,394423.000000,293248.000000,116004.000000,205414.000000,119843.000000,399927.000000,452583.000000,31501.000000,307178.000000,46974.000000,171907.000000,82407.000000,48415.000000,14308.000000,22960.000000,62614.000000,113187.000000,98821.000000,294939.000000,32630.000000,57221.000000,120780.000000,466857.000000,325702.000000,27132.000000,36099.000000,155262.000000,42433.000000,153050.000000,11151.000000
282644.000000,28094.000000,32379.000000,16307.000000,50090.000000,455740.000000,82882.000000,19616.000000,28188.000000,360311.000000,61832.000000,750830.000000,70843.000000,192868.000000,63803.000000,63248.000000,4109806.000000,472114.000000,40484236.000000,27080.000000,745043.000000,274688.000000,77305.000000,58290.000000,289831.000000,1366146.000000,181741.000000,338665.000000,221667.000000,56200.000000,45015.000000,49071.000000,123174.000000,298630.000000,896054.000000,756980.000000,67341.000000,293274.000000,120456.000000,87727.000000,172116.000000,113844.000000,184584.000000,27887.000000,84990.000000,159803.000000,152201.000000,218140.000000,117207.000000,80957.000000,270466.000000,94042.000000,129211.000000,355140.000000,147202.000000,1954193.000000,74156.000000,196283.000000,63737.000000,81327.000000,39082.000000,229388.000000,38116.000000,190128.000000,291130.000000,1008694.000000,2595876.000000,95379.000000,29740.000000,331804.000000,236891.000000,593429.000000,39207.000000,35574.000000,1017614.000000,38751.000000,67971.000000,230964.000000,32057.000000,432395.000000,51558.000000,142374.000000,877406.000000,379926.000000,109616.000000,69896.000000,1399197.000000,492003.000000,354929.000000,111514.000000,220944.000000,142024.000000,653698.000000,832982.000000,39500.000000,255343.000000,61181.000000,211383.000000,150789.000000,54444.000000,14156.000000,23029.000000,98797.000000,126657.000000,123494.000000,301390.000000,47550.000000,105009.000000,126369.000000,913130.000000,558804.000000,35630.000000,41973.000000,157559.000000,41598.000000,170806.000000,14451.000000
25023.000000,16189.000000,10711.000000,17062.000000,18100.000000,21749.000000,21206.000000,16945.000000,25788.000000,22872.000000,16863.000000,26466.000000,19431.000000,20832.000000,26630.000000,20536.000000,21073.000000,22857.000000,27080.000000,98540.000000,31487.000000,27264.000000,23624.000000,21162.000000,33923.000000,18267.000000,20711.000000,25208.000000,21100.000000,25610.000000,26323.000000,29850.000000,22622.000000,23762.000000,28372.000000,29867.000000,27544.000000,20832.000000,22244.000000,17854.000000,23644.000000,22239.000000,21371.000000,16565.000000,20107.000000,20487.000000,25885.000000,27742.000000,31415.000000,17712.000000,24130.000000,21476.000000,23190.000000,21573.000000,27193.000000,23893.000000,24513.000000,20999.000000,21895.000000,35871.000000,10237.000000,21267.000000,21301.000000,24422.000000,24354.000000,25232.000000,25133.000000,25399.000000,18237.000000,20697.000000,21435.000000,20258.000000,27973.000000,8708.000000,24938.000000,24610.000000,25922.000000,29747.000000,18286.000000,22424.000000,18954.000000,21394.000000,30834.000000,21427.000000,19371.000000,20722.000000,19079.000000,24918.000000,22044.000000,19960.000000,26050.000000,19061.000000,20100.000000,21692.000000,25767.000000,24731.000000,22275.000000,24246.000000,21873.000000,24082.000000,12114.000000,13574.000000,23745.000000,23922.000000,27400.000000,24854.000000,18463.000000,10308.000000,23502.000000,23121.000000,24822.000000,15509.000000,16430.000000,24745.000000,18752.000000,20302.000000,7581.000000
143327.000000,31403.000000,21910.000000,16054.000000,40758.000000,425221.000000,73454.000000,14624.000000,29193.000000,297573.000000,60843.000000,432517.000000,60541.000000,188415.000000,56540.000000,62854.000000,742092.000000,444281.000000,745043.000000,31487.000000,3332386.000000,242960.000000,67554.000000,59025.000000,138737.000000,636806.000000,168435.000000,355301.000000,265948.000000,76002.000000,57060.000000,78944.000000,121965.000000,253359.000000,552320.000000,531796.000000,64425.000000,331289.000000,91263.000000,89733.000000,168376.000000,123498.000000,185430.000000,31999.000000,97303.000000,84739.000000,170996.000000,266859.000000,107713.000000,67923.000000,311843.000000,85190.000000,123253.000000,322103.000000,153354.000000,684415.000000,87504.000000,201687.000000,57191.000000,84087.000000,47835.000000,225156.000000,46316.000000,212727.000000,257244.000000,650583.000000,630976.000000,98649.000000,27116.000000,368155.000000,248072.000000,421532.000000,36786.000000,24675.000000,514918.000000,44439.000000,65202.000000,225270.000000,26318.000000,403847.000000,56532.000000,161231.000000,651092.000000,387737.000000,110829.000000,74737.000000,611226.000000,429924.000000,362647.000000,98287.000000,211735.000000,130244.000000,505885.000000,572074.000000,39383.000000,276666.000000,45743.000000,202413.000000,107230.000000,43817.000000,11368.000000,18999.000000,63912.000000,82614.000000,128486.000000,332467.000000,40286.000000,73869.000000,133826.000000,543728.000000,383583.000000,32269.000000,34832.000000,173791.000000,43318.000000,96905.000000,12564.000000
127457.000000,33729.000000,27669.000000,19171.000000,38871.000000,255576.000000,70834.000000,14152.000000,30759.000000,231218.000000,61367.000000,238518.000000,53261.000000,149743.000000,53320.000000,63638.000000,271953.000000,261067.000000,274688.000000,27264.000000,242960.000000,1330823.000000,80952.000000,65463.000000,118268.000000,286222.000000,172309.000000,230221.000000,235204.000000,66639.000000,59257.000000,62253.000000,122399.000000,191060.000000,264509.000000,265267.000000,71091.000000,185611.000000,91544.000000,83469.000000,157514.000000,101163.000000,148132.000000,31509.000000,90784.000000,116635.000000,126501.000000,223529.000000,118456.000000,59737.000000,238297.000000,75375.000000,112115.000000,205062.000000,132879.000000,267204.000000,90998.000000,189899.000000,46031.000000,79086.000000,33750.000000,193239.000000,43617.000000,178298.000000,206567.000000,270425.000000,268604.000000,104695.000000,23836.000000,195223.000000,222738.000000,245451.000000,32517.000000,25762.000000,268949.000000,41912.000000,65976.000000,174380.000000,28971.000000,263982.000000,52876.000000,134813.000000,284518.000000,228973.000000,99439.000000,61187.000000,256855.000000,265298.000000,253626.000000,94440.000000,175055.000000,147351.000000,240007.000000,239595.000000,28159.000000,218657.000000,44208.000000,156168.000000,121250.000000,50716.000000,12708.000000,24301.000000,68304.000000,79765.000000,107842.000000,243352.000000,51283.000000,76856.000000,122396.000000,259500.000000,204897.000000,29147.000000,35349.000000,137877.000000,42132.000000,117623.000000,12875.000000
57096.000000,34400.000000,13047.000000,14390.000000,32178.000000,72959.000000,49255.000000,10825.000000,18269.000000,62828.000000,54278.000000,66969.000000,50023.000000,53968.000000,45761.000000,58854.000000,60993.000000,69822.000000,77305.000000,23624.000000,67554.000000,80952.000000,280113.000000,31575.000000,44515.000000,62456.000000,57427.000000,64239.000000,54503.000000,30448.000000,38190.000000,35403.000000,66351.000000,59349.000000,50341.000000,62106.000000,43072.000000,51288.000000,53727.000000,44294.000000,62985.000000,51258.000000,69615.000000,25360.000000,47169.000000,52323.000000,58385.000000,58576.000000,41873.000000,70829.000000,48516.000000,39253.000000,49006.000000,62359.000000,53959.000000,72343.000000,49648.000000,56028.000000,44580.000000,38453.000000,23661.000000,55387.000000,34481.000000,39297.000000,53800.000000,69874.000000,53237.000000,52934.000000,19053.000000,60278.000000,56774.000000,48587.000000,23851.000000,21693.000000,50275.000000,25050.000000,54789.000000,60954.000000,29967.000000,62340.000000,39219.000000,61405.000000,68168.000000,72187.000000,54296.000000,27129.000000,61005.000000,64554.000000,71872.000000,49426.000000,60129.000000,55830.000000,50687.000000,64205.000000,32869.000000,63471.000000,29629.000000,61676.000000,39924.000000,39504.000000,9567.000000,16577.000000,46159.000000,39221.000000,45163.000000,60486.000000,34599.000000,63552.000000,54432.000000,61307.000000,57418.000000,19577.000000,33398.000000,63473.000000,32669.000000,38675.000000,7702.000000
67737.000000,22185.000000,50425.000000,19000.000000,29512.000000,56155.000000,43885.000000,36358.000000,55045.000000,55988.000000,40273.000000,41066.000000,50876.000000,65770.000000,36898.000000,38370.000000,63035.000000,40565.000000,58290.000000,21162.000000,59025.000000,65463.000000,31575.000000,306464.000000,80914.000000,58571.000000,53342.000000,65377.000000,69674.000000,58459.000000,23603.000000,43531.000000,47936.000000,59240.000000,87496.000000,89908.000000,46198.000000,49496.000000,43560.000000,58011.000000,54776.000000,60423.000000,44667.000000,25628.000000,47186.000000,49691.000000,60045.000000,54685.000000,72662.000000,28821.000000,51006.000000,54972.000000,49981.000000,62778.000000,84593.000000,70408.000000,47454.000000,69427.000000,35840.000000,74909.000000,36385.000000,68237.000000,33595.000000,69937.000000,62730.000000,54146.000000,66083.000000,61195.000000,19790.000000,69676.000000,64456.000000,70248.000000,74224.000000,18454.000000,62859.000000,28422.000000,26189.000000,68282.000000,10256.000000,58893.000000,34545.000000,69297.000000,63184.000000,53193.000000,60549.000000,63657.000000,63063.000000,64933.000000,45929.000000,55745.000000,57913.000000,48722.000000,53223.000000,59249.000000,31986.000000,63347.000000,67685.000000,70530.000000,273974.000000,29486.000000,14055.000000,14908.000000,50373.000000,50302.000000,79197.000000,61170.000000,29525.000000,45029.000000,71700.000000,72658.000000,51435.000000,66895.000000,17189.000000,54491.000000,31064.000000,26382.000000,8581.000000
240166.000000,23837.000000,26646.000000,18720.000000,36679.000000,200699.000000,76723.000000,26965.000000,33563.000000,139219.000000,52723.000000,271036.000000,49829.000000,74879.000000,59427.000000,50727.000000,126369.000000,125953.000000,289831.000000,33923.000000,138737.000000,118268.000000,44515.000000,80914.000000,1394403.000000,391871.000000,136704.000000,156685.000000,128717.000000,69959.000000,42314.000000,90137.000000,85925.000000,143227.000000,354546.000000,214124.000000,42552.000000,155141.000000,109190.000000,67073.000000,101198.000000,111347.000000,127517.000000,32206.000000,59967.000000,87990.000000,114228.000000,118696.000000,392444.000000,49076.000000,90677.000000,81707.000000,95082.000000,158644.000000,430722.000000,163587.000000,74863.000000,106855.000000,49671.000000,80539.000000,47675.000000,143171.000000,39956.000000,114010.000000,140576.000000,200004.000000,154993.000000,91861.000000,18163.000000,242845.000000,126677.000000,218080.000000,51197.000000,32258.000000,462811.000000,19886.000000,51957.000000,211071.000000,33285.000000,231360.000000,43020.000000,95192.000000,236613.000000,222515.000000,71776.000000,67579.000000,376703.000000,247752.000000,115790.000000,87014.000000,147737.000000,88384.000000,282010.000000,198236.000000,36670.000000,168369.000000,59330.000000,156853.000000,98670.000000,63495.000000,13666.000000,22358.000000,88063.000000,143214.000000,120667.000000,119530.000000,40012.000000,94635.000000,93083.000000,345057.000000,254438.000000,35474.000000,29319.000000,127010.000000,29794.000000,235212.000000,11721.000000
